global_coordinates:
  altitude: 20.0
  latitude: 32.06288146972656
  longitude: 34.761600494384766
px4_dir: /home/lbenhorin/PX4-Autopilot
